1000363
1000567
1001218
100186
100200
10027
1003433
1003455
1003468
10037
1003980
1004007
1004536
1004745
1004750
1004833
1004847
100500
1005020
100509
1005315
1005374
1005421
100550
100552
100565
1006306
1006599
100667
1006691
100755
1007689
1007702
1007799
1007988
10081
100820
100829
100849
1008846
1008947
100916
100926
100931
100938
100956
1010132
1010316
1010466
1010522
101063
101070
1010806
1010835
10109
1011
101104
1011073
101108
101145
1011463
1011767
1011956
101324
101330
101331
101450
1014593
10154
1016860
1016966
1017576
1018037
1018094
1018270
1018336
1018413
1018568
10186
1018621
101909
1019372
1019457
101962
101977
101983
1019891
102019
1021885
1021906
102194
1022211
1022267
102234
102236
102327
1023481
1023669
102376
1023920
1024029
1024668
1024734
1024880
1024984
1025125
1025217
1025365
1025575
10257
10259
1026196
1026252
1026265
1026301
1026585
1026594
1026752
102755
1027822
1027918
1027949
1028261
1028380
10289
1029027
1029668
10297
1029723
1030212
1030295
10305
1031437
103178
103182
1032086
1033107
103351
1033832
1033882
103432
1034346
1034625
103546
1035976
103651
10366
10373
1037430
10377
1037714
103772
103787
1039315
1039504
103989
103990
103991
103992
103993
103994
103995
103996
103997
103998
103999
104000
104001
104002
104003
104004
1040047
104005
104006
104007
104008
104009
104010
104011
104012
104013
104014
104015
104016
104017
104018
104019
104020
104021
104022
104023
104024
104025
104026
104027
104028
104032
104033
104087
1042486
104359
104465
104488
104543
104559
104620
10468
1047125
1048457
104896
1049012
1049040
104917
104931
1049360
1050656
1050705
1050706
1050707
105149
105190
1052793
1052856
1053048
105363
105419
105434
105463
105486
10554
1055503
10563
105655
105657
105659
105688
1057484
105753
1057531
10577
105787
105887
105953
105977
105980
105991
106024
106084
1061010
1061211
106179
106293
106305
106315
106348
106350
106360
106362
106384
1064087
106427
1065401
1065402
1065403
106548
1066
106636
106678
1066790
106779
106797
106802
106806
106865
106897
106982
107036
107213
107296
107321
107336
10734
107358
10737
107664
10767
107718
107780
107849
10787
107877
107960
10801
108056
108082
108113
108288
10829
10841
108645
108681
108682
108683
108692
108723
108928
109
109054
1091
109116
10912
109161
109175
1092
109212
10927
1093
109352
109373
109395
109420
109461
109483
109485
109699
10975
109810
109815
109832
109839
109843
109959
110
110293
110352
110417
110467
110578
11064
110655
110720
110722
11073
110801
111003
111078
111094
111131
111192
111216
111218
111262
111269
111365
111386
111417
111440
111475
111500
111514
111643
111676
111752
111763
111860
111868
111915
111950
111968
111999
112001
112025
112057
11209
112116
112156
112166
112224
112304
112306
112372
112386
112496
112555
11262
112632
112687
112723
112784
112855
112858
112860
112863
112869
112871
112935
112955
113070
113112
113120
113122
113211
113268
113288
113332
113336
113339
113370
113424
113798
113799
113831
113857
113865
113869
113928
114024
114078
114079
114086
11410
114125
114127
114134
11414
114151
114169
114172
114198
114339
114389
114414
114430
114476
114529
114631
114698
114796
114797
114799
114807
114852
114870
114879
11493
115007
115036
115158
115205
115209
115214
115219
115230
115232
115245
115246
115248
115250
115271
115275
115284
115291
115294
115296
115304
115315
115323
115337
115390
115402
115422
115438
115452
115560
115628
115686
115702
115748
115817
115844
115845
115857
115860
115922
115978
116006
116029
116032
116057
116135
116179
116189
116214
116243
11625
116254
116286
116302
116315
116352
116360
116372
116382
116419
116432
116504
116508
116512
116570
116575
116609
116618
116621
116692
116764
116773
116774
116798
116805
116927
116937
116951
116973
117068
117073
117080
117097
1171
117142
117149
117158
117159
117168
117187
117190
117195
11722
11729
11731
117325
117330
117385
117449
117458
117480
117573
117593
117651
117739
117818
117862
117902
118024
118033
118066
118103
11828
118418
118514
118582
11861
118631
118663
118684
118688
118718
118731
118737
118855
118925
118948
118950
118965
119022
119033
119090
119129
119148
119166
11919
119203
119220
119221
119236
119250
119262
11927
119317
119354
119427
119432
11945
119453
119454
119471
119494
11951
119605
119652
119653
119655
119657
119666
119794
119808
119828
119860
119871
119873
119918
119989
120
120026
12011
120115
120121
120123
120126
120143
120216
120219
120288
120289
120291
120293
120298
1203
120305
120312
120314
120318
120324
12034
12035
12042
120622
120656
120683
1207
1209
120903
120941
121100
121275
121382
121417
121461
121469
121489
121696
121705
121827
121863
121903
121919
121940
121941
122050
122054
122113
122254
122256
122469
122475
122697
122791
122849
122898
1229
122932
12297
123005
123027
123074
123078
123089
123091
123092
123093
123095
123119
123120
123125
123126
123127
123170
123172
123183
123194
123278
123339
123380
123384
12341
123420
123435
123496
123501
123513
123518
12355
123572
123615
123625
123649
123660
123712
123713
123731
123742
123743
123748
123782
123849
12388
12389
123897
123900
123902
123905
123915
123984
124097
124100
124151
124173
124223
12425
124277
124429
12453
12454
124564
12457
124578
124611
124620
124724
124737
124845
124889
124929
12497
124975
124976
125000
125003
125027
125059
12506
125068
125112
125118
125130
125179
125181
125197
125200
125218
125242
125250
125386
125397
125400
125488
125498
125503
125505
125587
125594
125624
125634
125707
125762
125791
1258
12583
125849
125858
12588
125932
125980
125984
126010
126049
126070
126099
126109
12613
12617
126197
126203
126209
126235
126242
126260
126364
126374
126376
126377
126416
126522
126536
126539
126569
126598
126652
126784
126797
126826
126835
12685
126861
126906
127025
127026
127028
127032
127077
12708
127085
127087
127154
127158
127161
127163
127175
127202
127203
127212
127235
127242
127259
127620
127645
127703
127741
127766
12782
127827
127844
127914
127918
12794
127948
127995
128035
12804
128041
128051
128085
128088
128112
128114
128121
12815
128169
12836
128388
128493
128645
128675
128685
128723
128750
128764
128777
128853
128856
128895
128910
129001
129002
129027
129091
129138
129209
12929
129342
129381
129436
12949
129551
129582
12964
129641
129650
129698
129712
129736
12977
129771
129773
129808
129830
129862
129869
129873
129918
129942
129992
130133
130136
130265
130338
130440
130453
130460
130521
130591
130661
130739
130850
130889
130914
130951
130990
131028
131038
131047
131052
131053
131065
131082
131108
131123
131192
131202
131210
131397
131450
131452
131468
131523
131552
131560
131722
131728
13195
13200
132049
132057
132104
132251
13237
132602
132658
132777
132835
13285
13286
13302
13313
13314
13319
133322
133360
133375
133680
133717
133744
133753
133847
13388
133963
134004
134032
134061
134124
134145
134206
134216
134292
134299
134300
134305
134321
134388
134406
134434
134521
134546
134738
134757
134760
13482
134878
134880
134894
135027
13506
135072
135152
135154
135192
135217
135252
135283
135288
135291
135293
135294
135316
13550
13551
13553
13555
13557
1356
135620
13563
135631
13567
135756
135782
135797
13583
135891
135937
135944
135945
135946
135989
13602
136169
136221
13628
136333
13634
13639
136396
136454
136481
13652
136531
136582
136600
136720
13679
136850
136885
136891
136986
137008
137023
13703
13705
137093
137119
137126
137127
137152
137181
137229
137230
137288
137404
13746
13748
137480
137487
137502
137503
1376
137631
137723
137756
137845
137850
137905
137906
137938
13794
137954
137956
137964
138025
138045
138046
138075
138101
138179
138181
138226
138243
138244
138262
138270
138315
138332
138516
138517
138518
138558
13856
138622
138659
138703
138721
138786
138824
138852
138863
138869
138881
139004
139099
139178
139192
139245
139319
139321
13939
139398
139402
139502
139547
13959
139591
139626
139875
139879
139940
139965
139970
139981
140264
140275
14033
140333
140377
140392
140432
140447
140548
140616
1407
140705
140720
140742
140760
140791
140793
14080
140851
140865
140899
1409
14092
141065
141086
141090
141114
141115
141120
141125
141174
141197
141198
141202
141212
141239
141240
141244
14127
141304
141329
141339
141344
141355
141463
141493
141541
141629
141676
141682
141700
141728
141734
14177
141839
14184
141868
141956
14199
142078
142084
142096
142101
142135
142174
142221
142352
142472
142479
14248
1425
142540
142549
142562
142569
142609
142709
14274
142773
142842
142893
1429
142940
142946
143022
14303
14305
143064
143076
143139
143220
143234
143240
143265
143280
143291
143294
143321
143323
143438
143482
143541
143575
143669
143672
143717
143903
143935
143966
143975
144000
144084
144104
144129
144147
144359
144385
144482
144484
144485
144525
144526
14461
144616
144674
144724
144769
144782
144803
14485
144877
14494
145086
145091
145128
145150
145206
145207
145224
145246
145260
145265
145266
145267
145269
145271
145272
145278
145289
14529
145300
145306
145343
145344
145355
145374
145375
145392
145396
145402
145409
145430
145452
145458
145462
145463
145467
145488
145495
145517
14552
145524
145552
145583
145603
145604
145612
145621
145629
145686
14570
145722
145727
145730
145734
145745
145849
145850
145853
145854
145893
145896
145950
146067
146093
146106
146129
146133
146179
146180
146182
146183
146184
146185
146196
146200
146202
146233
146235
146255
146278
14631
146314
146318
146327
146336
146360
146368
146416
146424
146436
146593
146707
146735
146838
146845
146847
146875
146910
146911
146936
146939
146940
146944
146948
14698
14699
14702
147125
147155
147161
147182
147188
147196
147203
147204
147220
147237
147260
147310
147369
147388
14747
14751
147544
147570
147577
147646
147656
147744
147776
147919
14803
148050
148068
148112
148151
148156
148163
1483
148300
148417
148467
148517
148537
148538
148609
148640
148741
148751
148763
148764
148768
148770
148777
14883
148848
148853
148865
148890
148897
148903
148907
148911
148914
148952
148963
149011
149027
149028
149154
149212
149268
149273
149279
149287
149327
149369
149435
149442
149483
149571
149572
149589
149598
149673
149679
149710
149798
1498
149855
149907
149914
150018
150078
150079
150083
150156
150179
150374
150375
15047
150520
150540
150560
150565
150568
150586
150626
150631
150633
150668
150746
150783
150822
150837
1509
150905
150917
150944
150976
151034
151039
151040
151043
151058
151086
151117
151147
151149
151165
151231
15125
151258
151276
151295
151302
151305
151310
151459
151465
151470
151475
151516
151583
151634
15166
151678
151680
151691
151772
151779
151786
151827
151831
151847
151868
152013
152052
152067
152069
152080
152231
152232
152266
152267
152278
152280
152281
15232
152368
152398
152399
152400
152407
152416
152477
152499
15250
152569
152577
152584
152586
152591
152669
152692
152696
152717
152772
152782
152784
152834
152925
152929
152944
152958
15298
152992
153026
153093
153095
153175
153178
153251
1533
15330
15356
153580
153618
15362
153628
153634
153652
153666
153776
153794
153799
1538
153863
153905
154096
15412
154275
154278
154306
154319
154369
154397
154400
154405
154410
154425
154529
15454
15476
154762
154827
154855
15492
154921
154963
155130
15518
155189
155222
155223
155228
1553
155306
155576
155578
155618
155657
155685
155690
155704
155726
15574
155774
15578
155862
156098
156166
156182
15619
156196
156258
156347
156373
156387
156425
156510
156511
15652
156520
156536
156537
15654
156542
15679
156941
156948
156992
157270
157412
157434
157450
157465
157507
157563
15762
157699
157750
15777
157813
15785
157876
157889
157956
157958
157986
157993
157996
158002
158016
158019
15802
158021
158034
158118
158148
158157
158186
158192
158270
158287
158330
158393
158434
158461
158482
158484
158505
15852
158541
158554
158749
158757
158853
158872
158979
15899
159156
159202
159213
159275
15936
159387
159391
159393
159395
159399
15940
159460
159481
159497
159498
159507
159512
159522
159526
159536
15955
159686
159687
159690
159693
159696
159820
15986
159878
159890
159925
159943
159946
159948
159953
159954
159955
159958
159959
159960
159961
159984
159985
159988
159992
160047
160109
160120
16019
160294
160295
160488
160498
160500
160520
160981
161189
161193
161198
161200
161216
161217
161290
161299
161301
161323
161408
161428
161459
161485
161529
161621
161659
161710
161753
161918
161924
161932
161935
161947
161991
1620
162120
162147
162199
162296
162336
16244
162809
162822
162955
163067
163087
163106
163124
163131
16315
163156
163227
163272
163292
16330
163307
163338
163342
163381
163421
163459
163464
163467
163475
163476
163491
163501
163526
16354
163547
163599
163646
163676
163677
163707
163730
163753
163790
163812
163815
163820
163823
163834
163885
163888
163904
16392
163938
163949
164027
164039
164137
16414
164152
164153
164168
16417
164224
164239
16439
164419
164483
164515
164520
164546
164578
164581
164648
164649
164656
164662
164674
164684
164687
164704
164739
164821
164833
164895
164916
164922
164933
164945
165046
165048
165102
165131
165136
165154
165219
165229
165275
165309
165324
165353
165542
165561
165570
16568
165686
16571
165712
165727
165854
165862
165894
165923
165930
165969
165989
166080
166231
166265
166581
166629
166634
166661
166682
166694
166699
166709
166712
166826
166849
166871
166887
166942
16696
167036
167041
167075
167107
167121
16718
167206
167321
167351
167380
167460
167481
167489
1675
167510
167512
167582
167585
167631
167688
167698
167731
167809
167828
167846
167859
167888
167895
167896
167901
167902
167903
167904
167905
167906
167907
167908
167909
167910
167911
167921
167931
167947
167953
167955
167957
167977
168027
168028
168029
168054
168078
168108
168116
168165
168223
168254
168289
168293
168358
168453
168458
168476
168485
168509
168538
168574
16910
16935
169625
16967
169680
169699
169704
169751
169759
169992
170052
170138
170144
170149
170151
170156
170161
170241
170260
170295
170301
170310
170333
170369
170398
170532
170618
170619
170748
170894
171048
17105
171130
171205
171272
171337
171398
171473
171497
171528
171593
17160
171670
17169
171879
171917
171942
172024
172115
172137
172227
17225
17227
172289
172296
17235
172363
17239
172403
17241
172411
17252
172545
172549
17256
172562
172574
172595
172606
172609
172618
172694
172696
172698
172707
172711
172733
172746
172780
172809
172821
172837
172843
17287
172933
17297
17299
173043
17311
17312
17315
173175
173195
17321
173251
173268
173412
173417
173501
173551
17357
173622
173681
173721
173811
17383
17390
173969
173972
174069
174228
174328
174395
174417
174449
174470
174474
174500
174524
174632
174645
174668
174721
174729
17474
174871
174882
174883
174896
174909
174983
17502
175040
17506
175061
175070
175085
175091
17512
175122
17514
175168
175230
175260
175262
175263
175264
175286
175310
175311
175312
175315
175316
175320
175366
175397
17540
175403
175408
175410
175451
175490
175529
175587
175701
175760
175766
175779
175801
175958
175979
175982
176002
176013
176042
176065
176066
176076
176083
176116
176127
176159
176197
176226
176279
176308
176364
17638
176461
176477
176494
176599
17664
176698
176754
17688
176899
176929
176979
177184
177225
177230
177335
177472
177484
177485
177508
177523
177551
177619
177624
177635
177639
17766
177713
177757
17785
177943
178049
178057
178094
178144
178152
178184
178241
178250
178253
178278
178279
178281
178284
178293
178345
178347
178384
178409
178503
178506
178537
178567
178611
178632
178742
178831
17896
178990
17900
17902
179021
17903
179034
179073
17909
179103
179121
179164
179217
179248
179328
179421
179426
179559
179568
179599
179695
179701
179732
179751
179763
179826
179828
179839
179920
179986
180037
180074
180109
180110
180111
180112
180113
180115
180116
180196
180253
180346
180349
180363
180388
180393
180397
180434
180527
180538
180548
180559
180562
180563
180572
180582
180584
180588
180589
180590
180591
180592
180695
180814
180895
180908
180909
180977
181061
181073
181088
181210
181212
181214
181225
181232
181315
181319
181321
181528
181558
181594
181642
181665
181677
181685
181686
181695
181748
181768
181803
181810
181816
181823
181826
181828
181842
181849
181871
181874
181879
181893
181910
181939
181955
182008
182017
182027
182033
182046
182089
182104
182132
182140
182160
182169
182234
182265
182267
182274
182358
182414
182420
182467
182474
182484
182487
182530
182557
182576
182637
182670
18279
18295
183127
183231
183239
183245
183318
183352
183356
183405
183425
183458
183548
183568
183577
183624
183667
183696
18371
18372
183796
18382
183835
183844
183854
183855
183871
183878
18389
183925
183971
183978
18398
184042
184057
184076
184125
184199
184200
184279
184286
184452
184472
184495
184558
184575
184596
184661
184698
184712
184715
184750
184759
184857
184877
184881
184884
184901
184933
18501
18503
185041
185051
18507
185387
185705
185775
185794
185826
185833
185835
185862
185899
185907
185909
185914
185957
186156
186189
186194
186230
186279
186307
186308
186315
186316
186317
186326
186352
186393
186402
186462
186530
186554
186586
186613
186723
186737
186766
186862
18691
18698
187006
187025
187134
18721
187225
187232
187305
187380
187410
187413
187460
187520
187536
187539
187542
187602
187705
187714
187759
187822
187881
187969
18805
188075
188078
188086
188102
188124
188132
188149
188185
188195
188205
188266
188279
188284
188313
188326
188338
18843
18845
18846
188482
18849
18850
18851
188561
188661
188691
188692
188719
188743
188929
188972
189023
189069
189149
189192
189241
189332
189356
189378
189414
189458
189548
189633
189648
189704
189726
189768
189793
189834
189851
189878
18992
190015
190016
190020
190133
190188
190194
190195
190205
190217
190247
190373
190427
190434
190798
190863
190870
190933
190951
190964
191095
191146
191179
191196
191216
191220
191243
191323
191328
191332
191380
191381
191387
191407
191416
191543
191601
191608
191643
191674
191689
191810
191830
191831
191884
191890
191902
191909
191938
191979
191994
192074
192079
192082
19210
192110
192127
192131
192140
192197
192210
192223
192235
192284
192318
192321
192362
192373
192375
192388
192485
192512
192532
192567
192577
192578
192611
192618
192648
192665
192667
192734
192749
192751
192786
192886
192896
192922
192931
192940
192986
193027
193056
193075
193077
193081
193143
193314
19334
19336
193419
193436
193462
193478
193481
193517
193556
19363
193719
193724
193753
193759
193773
193799
193877
193932
193936
194017
194065
194142
194207
194294
194308
194318
194319
194329
194351
194454
19451
194564
194574
194594
194647
194721
194761
194790
194832
194866
194884
194906
194934
194952
195045
195051
195058
195088
195134
195140
195156
195163
195205
195216
19532
195350
195356
195544
195580
195586
195635
195636
195638
195688
195836
195842
19585
195913
195950
195996
19603
19608
196221
196222
196300
196305
196358
196380
196386
19640
196416
196448
196458
196482
196498
196624
196655
196715
196819
196833
196846
196878
196937
196969
196989
197055
197059
197114
197115
197153
197238
197253
197279
197334
197337
197365
197436
197443
197489
197585
197693
197694
197719
197723
197726
197754
197755
197786
197789
197877
197878
197880
197902
197907
197914
197916
197958
197976
198012
19816
198218
198221
198249
198251
198259
198292
198452
198470
198494
198622
198673
198690
198718
198723
198732
198733
198734
198773
198851
198907
198927
198969
199082
199243
199281
199286
199321
199436
199438
199445
19947
19948
199644
199714
199764
199779
199804
199996
200034
200072
200079
200125
200179
200210
200212
200214
200224
200351
200355
200387
200419
200427
20044
200487
20049
200503
200572
200576
200623
200683
200693
20071
20072
200748
200753
200762
20081
200818
200821
200826
200909
201137
201152
20122
201300
201314
201346
201489
201512
201520
201529
201723
201796
201838
201848
201855
201897
201901
201903
201905
201940
201948
201984
202177
20221
202354
202361
202362
202425
202496
202499
202501
202536
202548
202582
202584
202619
202652
202681
202725
202740
202767
202774
202781
20279
202797
202808
202823
202918
202921
202939
202949
202951
202960
202965
202967
202968
202969
203002
203042
203047
20305
203060
203088
203241
203311
203384
203388
203391
203409
203513
203515
203594
203595
203600
203614
203658
203673
203726
20391
203912
203935
203974
20400
204047
204048
204050
204052
204198
204208
204237
204239
204292
204421
204513
204628
204774
204802
204969
204984
204996
205000
205034
205069
205250
205284
205309
205360
205481
205497
205498
205506
205521
205529
205536
205626
205796
205884
205908
205920
205925
205949
205953
206109
206125
20616
206227
206239
206319
206359
206516
206591
20661
206650
206653
20671
206737
206811
206872
206877
206894
207013
207042
207053
207062
207099
207170
20720
207236
207266
207285
207321
207329
207381
207384
207388
207399
207404
207431
207435
207457
207477
207505
207552
207576
207695
207710
207781
207792
207983
208141
208237
208363
208407
208480
208481
208526
208556
208566
20861
208622
208654
208719
20873
208734
208834
208978
209004
209008
209140
209223
209251
209352
209368
209398
209449
209520
209521
209736
209765
209821
209860
209917
209937
209949
2101
210188
210190
210238
210246
210298
210304
210331
21034
210354
210384
210417
210429
210525
210572
2106
21064
210654
210671
21069
2107
210741
210779
21083
210875
210908
210994
211021
211065
211072
21110
211149
211206
211213
211283
211381
211418
211477
21150
211643
21172
211988
212015
212022
212046
212067
212074
21210
212107
212239
212241
212253
212456
212475
21248
212508
212523
2126
212629
212696
2127
212721
212770
212882
212931
212985
213056
213069
213114
213180
213190
213227
213239
213255
213261
213358
213360
213418
213437
213492
213515
213558
213767
213776
213779
213789
213936
213942
213991
2140
214000
214001
214022
214028
214034
214044
214087
214171
214340
214370
214433
214436
214449
214484
214570
214571
214576
214581
214620
214642
214681
214763
214798
214800
214839
214845
215044
215053
215083
215105
215326
215372
215381
215383
215384
215410
215447
215625
215854
215859
215891
215967
215970
21603
216151
216161
216243
216271
216289
216294
216330
216336
216351
216373
216379
216389
216453
216469
21653
216533
216615
216699
216700
216725
216746
2168
216806
216812
216822
216840
216992
216998
2170
217007
217058
217083
217097
217108
217344
217358
217381
217430
217431
217555
217558
217610
217679
217739
217745
217747
217790
218088
218136
218199
218226
218230
218233
218264
218287
218324
218342
218451
218465
218567
218570
218680
218705
218733
218748
218803
218872
218876
218898
218966
21899
219014
219140
219170
219171
219192
219197
219203
219205
219215
219293
2193
219323
219356
219447
219458
219499
219509
219599
219601
219607
219657
219715
219729
219821
219870
220002
220009
220116
22012
220150
220185
220385
220445
220494
220615
220737
220774
220864
220874
220903
220909
22093
220946
221041
221043
221133
221163
221250
221251
221260
221262
221264
221267
221286
221287
221289
221292
221294
221298
221325
221328
221333
221380
22142
221432
221454
221461
221507
221558
221625
221631
221712
221734
221757
221785
221787
221788
221789
221790
221791
221792
221833
221869
221883
221893
221908
221928
221948
221950
221955
221989
222020
22203
222036
222040
222058
222063
222080
222082
222096
2221
222108
222171
222224
222252
222294
2224
222506
222556
222660
222667
222692
222724
222762
2228
222805
222838
222870
223014
223024
223172
223203
2233
223324
223326
223327
223329
223331
223333
223337
223339
223343
223344
223345
223350
223355
223362
223363
223367
223374
223384
223391
223396
223421
223427
223430
223434
223435
223454
223456
223461
223475
223525
223531
223542
223545
223557
223597
223609
223618
223625
223630
223637
223653
223692
223694
223718
223723
223759
223846
223851
223854
223906
223931
223936
223948
223999
2240
224006
224015
224072
224095
224096
224108
224186
224198
224214
224287
224291
224317
224342
224362
224379
224460
2245
224556
224572
224904
224927
225098
225100
225243
225326
225495
225537
225540
225555
225653
225722
225754
225769
225777
225831
225833
225897
225901
225936
226037
226094
226097
226104
226188
226191
226199
226200
226203
226211
226212
226245
226334
226335
226343
226408
226418
226427
226428
226505
226514
226518
226612
226640
226648
226659
226712
226756
226783
226896
226960
227102
227181
227230
227298
227344
227486
227522
227587
227643
227659
227663
227725
227726
227762
227781
227806
227809
227833
227837
227853
227880
228006
228112
228156
228295
228323
228377
228383
228399
228471
228495
228531
228539
22858
228648
228825
228854
228873
229170
229199
2293
229405
229417
229483
229498
229511
229528
229532
229541
229577
229584
229599
229619
229620
229622
229690
229735
229796
229825
229869
229909
229920
229980
229987
230026
230029
230076
230098
23010
230119
23014
230194
230231
230232
230234
230278
230314
230328
230428
230435
230436
230525
230581
230608
230633
230648
230674
230681
230688
230714
230832
230837
230863
230870
23098
231041
231053
231062
231068
231086
231267
231374
231380
231389
231434
231444
231460
23150
231508
231510
231524
231687
231694
231713
231738
231749
231760
231805
231813
231917
231926
232150
232174
232185
2322
232306
232327
232330
232347
232403
232432
232463
232499
232562
232614
232650
232653
232878
232994
233099
233376
233379
233402
233408
233440
23363
23386
23447
234701
234713
234758
234947
235016
235041
235059
235139
235200
235216
235281
235292
235605
235642
23579
235842
235866
236188
236276
236301
236349
236390
236398
236533
236552
236599
236607
237071
237100
237125
237184
237232
237262
237357
237381
237544
237597
237860
237915
237927
238041
238117
238260
238344
23852
238842
238890
238906
238915
23913
239170
23921
239359
239380
239479
239481
239482
239503
239623
239719
239762
239818
240048
240083
240091
240098
240256
240562
240659
240821
240886
240958
240987
240989
241008
241044
241116
241192
241194
241198
241202
241231
241244
241323
241341
2414
241484
241503
241596
241598
241608
241610
241619
241623
24183
241892
241950
2421
242119
242171
242213
242243
242314
242354
242407
242408
242489
242579
242622
2427
242727
242765
242831
242846
242874
242882
2429
242905
242945
242964
243001
243003
243049
243058
243062
243094
243138
243156
243277
243470
243474
243517
243594
243609
243611
243616
243619
243635
243664
243824
243842
243865
2439
243943
244070
244092
244282
244287
244292
244432
244434
244459
244474
244504
244555
244567
244612
244614
244636
244642
244677
244697
244721
244724
244766
244778
244781
244813
244836
244875
244902
244904
244909
244958
244967
244971
245124
245147
245172
245221
245228
245236
245296
245304
245305
245311
245334
245340
245346
245408
245450
245485
245514
245518
245527
245538
245762
24579
245833
245872
245956
245969
246042
246055
246085
246302
246412
246419
246505
246634
246663
246677
246780
246794
246801
246803
246819
246838
24684
246897
246995
247002
247027
247028
247072
247084
247158
247225
247246
247517
247521
247628
247640
247680
247700
247721
248037
248116
248133
248560
248588
248599
248601
248609
248656
248659
248668
248693
248745
249131
249234
249319
249337
249339
249346
249398
249431
249467
249695
2497
249759
249786
249798
24984
250082
250088
250243
250253
250273
250386
250430
250457
250581
250587
250688
250729
250741
250766
250837
251043
251200
251224
25128
251358
251468
251469
251526
251572
25160
251732
251747
25191
251918
252043
252324
252544
252580
252626
252699
25270
25275
25281
252894
252908
253076
253128
253202
253313
25332
25334
253429
253448
253558
25382
253896
253926
253929
253934
253975
25405
254151
254200
254211
254264
254269
254285
254343
254588
254869
254895
254927
255020
255021
255025
255026
255034
255041
255098
255100
255125
255132
25537
255467
255474
255481
255510
255587
255627
255651
255668
255679
255685
255708
255822
2559
255978
255991
256152
256647
256649
256663
256665
257035
257106
257119
257194
257207
257237
257276
257305
257331
257335
257376
257384
2575
257942
258084
258117
258198
2582
258201
258237
258260
258283
258317
258318
2584
258410
258460
258573
258578
258582
258585
258596
258630
258632
258710
258876
258879
259100
259151
259390
259400
259415
259416
259555
2596
259742
2598
259913
260005
260221
260239
260278
260299
260316
260390
260414
260420
260468
260491
260492
260591
260604
260632
260645
260648
260662
260689
260697
260744
260751
260755
260838
260928
260938
260941
261138
261221
261285
261297
261335
261336
261338
261571
261592
261643
261652
261654
2617
261706
261734
261764
26181
261817
261966
262004
262005
262010
262088
262109
262140
2622
262230
262262
2625
262620
262649
262661
262665
2628
262830
262852
263
263010
263109
263169
263191
263196
263226
263498
2635
263508
263512
263535
263542
263553
263589
263627
263662
263672
263681
263684
263718
263728
263733
263736
263743
263760
263780
2638
263846
263866
263873
263876
2639
263902
263913
26395
264002
264023
264090
264101
264125
264177
264405
264426
264445
264481
264494
264754
26482
264832
264919
264934
265050
265160
265161
2652
265232
265258
26527
265274
265284
265384
265441
265528
265619
265696
265701
265740
265749
265775
265780
265786
265863
265930
265931
265987
266017
266030
266072
266090
266288
266338
266355
266449
266454
26647
266688
266726
266737
266766
266801
266908
26700
267075
267161
267177
267189
267206
267212
267213
267356
267473
267539
267570
26758
26763
267636
267643
267781
267783
267865
267867
267922
268113
268167
268228
268245
26825
268382
268541
26857
268612
268622
268629
26866
268679
268794
2688
268803
268804
268805
268806
268807
268808
268888
268970
268981
268984
269047
269066
269109
269184
269196
269230
269279
269288
269349
26935
269449
269458
269467
269479
269568
26962
269705
269831
269937
269940
270028
270031
270049
270059
270060
270068
270072
270119
270407
270454
270695
270981
270993
270999
271007
271176
271224
271253
271324
271330
271360
271391
271393
271407
271506
271533
27166
271700
271765
271861
271928
271950
271960
272044
272095
272097
272162
272211
272221
272231
272272
272357
272379
272387
272400
272426
272432
272497
272506
272570
272578
272588
272596
272824
272832
272839
272863
272979
272982
272997
273099
2731
273365
273449
2735
273557
273560
27357
273630
273647
273698
273726
273803
273805
273881
27389
273946
273960
273998
274013
27404
274112
274264
274267
274324
274336
274443
274541
274594
2746
27468
274844
274868
274990
274997
275
27511
275186
275242
275245
275269
275274
275293
275303
275386
275443
275515
275518
27564
275668
275714
27594
276031
276041
276105
276123
276174
276244
276253
276255
276269
276276
276288
276427
276432
276469
27651
276575
2766
276601
276614
276634
276714
276747
276816
276976
27704
277078
277138
277163
277192
277197
277213
277259
277262
277300
277341
277354
277377
277407
277431
277502
277525
277534
277664
2777
277957
278095
278151
278182
278191
278220
278225
278231
27846
278718
279070
279351
279717
27987
279914
279932
279935
279945
280
280282
280304
280389
280408
280495
280500
280503
280504
280509
280511
280519
280529
280534
280585
280748
280770
280803
280825
280826
280865
280912
280914
281038
281274
281283
281296
281336
281344
281387
281449
281472
28150
281575
281597
281605
281682
281850
281851
281942
281950
282176
282209
282339
282363
282475
282490
282535
282564
282570
282572
282588
282602
282604
282628
282748
282772
282843
282909
283014
283058
283063
283269
283309
283361
283407
283419
283460
283482
283492
283502
283539
283550
283565
283633
283644
283646
283650
283696
283727
283742
283786
283821
283825
283847
283951
284
284082
284143
284155
284197
284215
284227
284236
284250
284346
28445
284484
28449
28450
284661
284676
284684
284686
284688
284697
284704
284746
284756
284769
284770
284783
284800
284807
284811
284873
284951
284963
28500
285153
285241
285380
285428
285432
285478
285482
285609
2857
28632
28640
286667
286728
286740
28703
287058
287076
287245
287378
287382
287496
287562
287666
287667
287688
287758
287762
287789
287835
287837
28792
288
288183
288193
288219
288250
288298
28832
288353
288537
288540
288596
288638
28865
288704
288707
288846
288912
288950
288955
288966
288993
289000
289051
289085
289187
289189
289246
289264
289313
289330
289568
289823
289846
290010
290023
290794
290889
290930
290955
291012
291057
291200
291333
291489
291522
291531
291539
291683
291721
291750
291764
291822
29185
291878
29206
292200
29234
292457
292463
292500
2926
29263
292636
292673
292761
292783
292797
292825
29288
292997
293016
293105
293126
293276
29328
293299
29331
293313
293316
293358
293359
293363
293470
293581
293593
29360
293689
293743
293845
293847
294048
294124
294147
29420
294201
294232
294334
294364
294462
294464
294505
294548
294568
29471
29480
294867
294891
29491
294911
2951
295276
295330
295339
295380
295461
295540
295552
295680
2957
295740
295841
295865
295900
296045
296094
296198
296254
296282
296305
296377
2965
296622
296632
296645
296701
296706
296907
296991
296994
297181
297198
297203
297339
297359
297383
2974
297434
297478
2975
297534
297547
297751
2978
297803
2979
297968
298
298028
298176
298218
298246
298265
29835
29839
2985
298862
298873
298888
2989
298990
299009
299034
299112
299130
299135
299241
299334
299403
299424
299460
299466
299473
299552
299728
299806
299835
299924
299998
30004
30008
300080
300081
300099
300101
300102
300103
300104
30011
300138
30015
300176
300179
300181
30019
300270
300301
300305
300391
300454
300513
300532
300539
300540
300571
300622
300748
300779
300812
300879
300881
301137
301257
3013
301406
30142
301432
301458
301526
301572
301592
301631
301680
301718
301728
301794
301831
301862
301919
301924
301973
302253
302289
302298
302338
302357
30238
302485
302620
302651
302731
302885
302997
303061
303299
303322
303378
303390
303480
303522
303632
3037
303727
303730
303744
3039
304098
304115
304175
304190
304240
304378
304386
304545
304642
304679
304708
304770
305082
305128
305237
305518
30567
30575
305915
305972
305973
305974
305976
305978
306128
306414
306554
306607
306733
307050
307239
307382
307424
307433
307485
307666
307670
307672
307675
307681
307808
30787
307978
308155
308156
308158
308355
308394
308489
30852
308610
308721
309058
309120
309124
309367
309394
309531
309537
309594
309641
309648
309663
309714
30975
310031
310036
310105
310106
310133
310185
31023
310280
310339
310439
310443
310446
310514
310579
310671
310690
310706
310707
310708
31082
310943
310946
311058
311063
311101
311216
311218
311236
311244
311289
311326
311330
311333
311336
311337
311380
311413
311449
311467
311639
31166
31167
31168
31171
311776
311805
31187
311874
31188
311884
311922
311948
311998
312118
312121
312292
312510
312543
312548
31255
312555
312647
312889
312907
312918
313037
313050
313075
313245
313250
31383
31408
314126
31415
31418
314204
3143
314518
314594
314808
314814
314962
315037
315205
315256
315512
315524
31554
315760
315773
315837
315838
315865
315879
315906
316078
316108
316290
316319
316346
3165
316713
316738
316789
316810
316897
316898
316946
316948
317005
317043
317053
317119
317125
317201
317243
317314
317321
317332
317372
317388
317391
317476
317507
317543
317548
317557
31756
317711
317931
317980
317985
318068
318099
318295
318399
318571
318594
318603
318751
319003
319036
319279
319458
319465
319467
319473
319476
319480
319483
319532
319576
319593
319629
319674
319794
319795
319809
3199
319951
320159
320166
320173
320200
320222
320269
320355
320376
320586
320679
320689
320693
321
321029
321213
321249
32137
321410
321419
321420
321444
321511
321594
321631
321643
321670
321686
321687
321692
321699
321701
321702
321704
321725
321938
321980
322661
3227
322724
322935
322985
322988
323005
323017
323566
323735
323852
323906
323975
323992
324005
324006
324136
324194
324230
324303
324372
324423
324442
324453
324491
324548
325040
32519
325336
325510
325594
32570
325734
325827
326040
326043
326080
32632
326434
326449
326639
326697
326918
327088
327200
327480
327512
327671
327674
327867
328210
32825
328270
328337
328486
328526
328724
329209
329218
329263
329376
329397
329399
329400
329407
32944
329572
329645
329659
329689
329749
329770
329791
329798
329837
329862
32990
329950
329957
330008
330028
330051
330105
330122
330135
33018
330285
330349
330351
330356
330378
330650
330716
330721
330724
330760
33083
330860
33091
330957
330974
331032
331040
331110
331223
331302
331428
331489
33153
33154
331691
3317
331752
331879
331940
331975
331984
332381
332586
332631
332632
332708
333008
333306
33331
333419
333459
333507
33358
333767
33385
334036
334139
334143
334205
334229
334230
334253
33432
334488
334691
334709
334837
335123
335177
335330
335339
335341
335427
335447
335481
335495
335533
335599
3356
335607
335608
335717
335735
335761
335779
33587
335990
336131
336145
3370
337181
337189
337219
337426
337488
337680
337734
337986
338477
338518
338523
338569
339137
339237
33935
339352
339483
33986
33987
339987
339991
340012
340053
340191
340208
340431
340580
34084
340926
341044
341074
34112
34130
341372
341600
341634
341637
341675
341710
341869
341876
34188
341884
341908
341925
341969
341992
3420
342066
342608
342610
342693
342709
342928
342944
342976
342977
342978
343095
343111
3432
343202
343464
343626
343726
343752
343928
344032
344035
344049
344069
3441
344112
344145
344177
344223
344228
344284
344309
344429
344468
344499
344557
344595
345
345152
345162
345166
3455
346111
346217
346219
346516
346575
3468
346825
34686
347139
347215
34725
34728
347282
347296
347439
347567
347645
347665
347693
347748
347782
347850
347937
34799
348047
348076
348101
348108
348168
348443
348801
349146
34917
349291
349681
350119
350288
35036
350401
350418
350432
350739
350847
350937
350939
350964
351014
351016
35102
351106
351171
351275
351361
351363
351376
351519
351554
351555
35237
352623
352732
352734
35287
353
353293
353310
353334
35363
353784
35413
354262
354512
354650
354660
354686
35532
355456
355458
355501
355558
355758
355773
355774
355859
355948
355958
356047
356284
356322
356408
356566
356586
356763
356765
356775
356809
357109
357213
357485
357576
357625
357665
3577
3578
357858
357929
357952
357954
358001
358005
358007
358049
358102
358112
358119
358143
35823
358339
358359
358570
358641
358645
358669
359288
359290
359453
3596
360171
360191
360209
36053
360539
360727
360787
360797
360811
360825
360834
360864
36105
361054
361089
361106
36112
361130
361131
361133
361184
361189
361194
361269
361287
361337
361341
361368
361400
361414
361647
361793
361893
361938
361941
361951
361957
361960
361973
361976
361984
362033
36211
362118
362119
362129
362133
362601
36264
362702
362718
362735
36279
363042
363049
36319
363195
363209
363544
363566
363571
363636
363658
363680
363714
363778
363809
363815
363845
363850
363863
363934
363971
36409
364095
36450
36459
364843
364904
364910
364964
365093
365199
365271
365280
365504
365755
365853
36586
36594
365968
366129
366153
366518
367050
367581
367589
367966
368119
368912
368927
369063
369086
369185
369201
369218
369447
369451
369557
369573
369581
36980
36986
369979
370094
370629
370777
3709
37102
37108
371135
371464
371550
371980
3722
37240
372452
37301
373721
373899
373909
373916
373932
373950
374007
374027
374053
374057
374100
374106
374737
374748
374817
374818
374849
374907
374919
374969
375091
375097
375259
375329
375352
375886
37593
376027
376060
37622
37652
376563
376618
376808
377115
377206
377264
377398
377542
377582
377592
37786
378122
378148
378209
37822
378558
378582
37862
378698
378805
378809
378864
378941
379049
379705
380045
38007
380096
380102
380103
38012
380158
380204
380207
380246
380317
380354
380410
380413
380594
380760
380782
380873
380878
380939
381129
381185
381192
381194
381237
381356
38157
38170
381758
381762
381771
38189
382048
38232
382321
382612
382625
382666
382667
382995
383112
383117
383121
383127
38343
38345
383564
384029
384101
384112
384214
384255
384257
384289
384397
384472
384477
384517
384569
384719
384782
384814
384839
384872
384882
384905
384939
384962
385037
385145
385178
385239
385322
385372
385381
385407
385420
386100
386112
386116
386144
38615
386160
386292
386334
386340
386351
386556
386570
386587
386596
386614
386735
386807
38682
386997
387007
387052
387061
387250
387272
387279
387290
387307
387544
387760
38778
388215
388236
388254
388396
388506
388515
388527
388531
388554
388564
388622
388740
388743
388746
38890
388936
389076
389108
389116
389145
389454
389561
389583
389592
389600
38965
389783
390
390013
390126
390181
390344
390346
390359
390362
390429
390499
390537
390631
390663
390728
390847
390848
390860
390865
390871
390879
390881
390929
391092
391097
391099
391129
391217
391385
39139
391390
391611
39181
39198
39203
3921
3923
392311
392426
392457
39250
39261
392701
392728
392761
392785
392797
392859
3930
39316
393615
394016
394060
394253
39428
394294
394329
394332
394346
394516
39486
394861
395246
395296
395351
395518
395521
395531
395541
395729
395731
395737
395845
395944
39631
396338
396370
396467
396493
39658
396802
396954
397031
397088
397130
397137
397194
397402
397445
397478
397483
397508
397527
397545
397600
397792
397968
398054
398131
398163
398285
398316
398400
3986
398641
398797
398799
3991
399165
399166
399174
399382
399427
399462
400
400781
400785
400826
400979
400982
401098
401136
401483
401793
401940
402410
402473
402566
402671
402753
403039
403083
403402
403417
403602
403603
403616
403692
403703
403707
403736
403783
403793
403803
403822
403891
403909
404035
404126
404323
404713
404797
404822
404864
404874
404898
4049
405100
405191
405342
405694
405697
406289
406387
406388
406486
406587
406614
406702
406704
407319
407355
407552
407763
407971
407973
408289
408583
408978
409208
409230
409370
409380
409395
409440
409512
409518
409701
409850
409943
409973
409986
410015
410087
410099
410187
410212
410221
410237
410245
410451
410475
410789
410793
410882
411063
411068
411075
411140
411270
411329
411337
4114
411405
411466
411519
411620
411679
411690
411723
411822
411865
411920
411930
412021
41240
412481
412490
412526
412673
412677
412754
412772
412988
413077
413115
413124
413193
413303
413388
413412
413426
413442
413505
413655
413759
413828
414427
41469
415081
415092
415137
415139
415168
415178
415202
415222
415233
415238
415258
415272
415275
415329
415350
415357
415398
415484
415501
415622
415682
415967
416004
416040
416123
416474
416494
416516
416682
416906
416966
416978
416983
417170
417360
417382
417453
417515
41758
417839
418078
418145
418151
418248
418254
418267
418271
418294
418308
4184
418474
41856
418743
418767
418823
419017
419075
41939
41940
419655
419731
419872
419875
419883
419891
419896
420115
420163
420459
4205
420583
4208
421009
42154
42161
421859
422043
422279
422331
42236
42240
42248
42250
422698
422707
422944
423022
423073
423118
423136
423198
423218
423269
423286
423336
423388
423437
423454
423467
423496
423506
423541
423546
423602
423797
42393
423986
424003
42403
424443
424447
424882
425007
425048
425200
425314
42537
4256
425719
42582
42584
42587
426147
426165
426238
426275
426547
4267
426944
42702
427227
42728
427373
427502
4276
4277
42780
427835
42797
428010
428019
428637
428651
428660
428757
429000
429026
429298
42961
429617
429647
429679
429747
429966
430029
430249
430254
430291
430463
43065
43070
430831
430854
431002
431561
431633
432277
432600
43269
43280
43324
433792
433904
433996
434116
434202
43440
43443
434670
434689
434715
434763
435066
435144
435457
435618
435648
4359
43602
43617
43672
436928
437142
43723
43752
43758
43770
437800
437863
43807
438240
438274
438299
438306
43846
43850
438953
439021
439075
439098
439107
439120
439174
439207
439291
439729
439828
43988
439912
43997
43998
440484
440495
44052
44056
440629
440749
440758
4409
440963
441090
441161
441204
44146
44157
44202
44217
442843
442901
44294
44295
44359
44371
44425
44492
44512
44513
44555
44578
44588
4461
446238
446271
446293
446330
44652
446585
446593
446662
44727
44739
447488
447494
447742
447930
447975
44798
448078
448524
44864
448841
448849
44888
448928
448985
44909
449351
449356
449478
449482
449613
449617
449627
449671
449680
449818
450006
450315
45033
450365
450389
45050
450571
450796
45084
450882
451052
451077
452010
452016
4521
45233
45243
452559
452835
452854
452920
452955
452959
452973
453297
453513
45368
453795
453820
454
45413
45428
454365
454401
454719
454770
45484
4549
454949
45513
45514
45516
455726
455858
4561
456333
456702
456727
456997
4570
457009
457032
457829
458696
458842
458929
459286
459443
459502
459532
45960
459634
460121
46019
460353
460428
460514
460530
460545
460556
460642
46072
460815
460911
460920
460928
460956
46109
46113
461242
461272
461308
461345
461429
461598
461780
462173
462321
462416
462441
462442
462503
46312
463123
463177
463183
463330
463380
46345
463481
463604
463657
46366
463695
46379
4638
463828
463915
46397
46429
464426
46485
46497
46618
46736
46747
46750
46818
4689
4690
46916
469372
46952
46954
469668
469803
469841
470003
470010
470041
470067
47012
470206
470298
470380
470398
470519
470520
470544
470547
470553
470637
470749
471087
471265
47140
471660
471739
471941
471967
472013
472026
47223
47227
47232
47234
47235
472391
472543
472651
47280
473064
47322
473252
47341
47343
47349
47357
47358
47362
473690
473742
473798
473811
47384
473888
473950
474021
474262
474397
474656
474688
47472
474798
474833
47485
474899
47495
474963
475114
475177
47536
475440
475442
475499
475660
476168
476178
476179
476257
47627
476439
476526
476615
476958
477
477073
477222
477344
4777
477771
47779
477896
477897
478367
478368
478530
478621
47876
478813
47888
478957
479021
479135
479139
479144
4792
47932
479398
47940
479464
4795
479612
48019
48065
480778
4808
480883
480928
480984
48100
4811
481164
481335
481360
481472
481512
481518
481532
481654
481733
482170
482200
4826
482634
482707
482743
482780
482818
482922
483439
483572
4836
483774
4839
48416
484160
48422
484339
484377
484398
484420
484434
484615
484634
484664
484801
484905
484930
48516
485354
485359
485382
485407
485684
485748
486502
486629
486667
486732
48682
486837
48690
486933
487
487008
487081
487296
487378
487656
488108
488147
488269
488308
488371
488643
488795
488923
488985
489102
489146
489284
489483
490220
49035
490379
490402
490728
490782
490899
490946
490960
490997
491023
491191
491319
49139
491415
491473
491654
491668
49170
491753
491892
492512
492767
492841
49304
4931
493324
493484
493535
493552
49356
49357
493590
49378
493791
4938
49408
49474
494979
49499
49513
49537
495382
495495
495497
495508
495515
495525
495583
49561
49566
495789
495793
496113
496128
496219
496260
496285
496293
496326
496375
496405
496414
49652
49663
496757
496841
496883
496925
496937
496973
497010
497047
497114
497244
497255
497312
49759
497655
497664
497669
497724
497771
498052
49806
498351
498358
498562
498845
498852
498865
498878
49888
498964
499
499030
499041
499348
49935
49974
500
500348
500436
500468
500515
500518
500588
500686
501
50120
50134
50157
501585
501672
50170
502016
502593
502753
502758
502816
502819
502926
503208
503283
503298
503300
50358
503699
503707
50379
503804
503821
50389
503922
503988
504122
504261
504355
504362
504413
504507
504509
504514
504600
504731
504751
504759
504761
504782
50481
504931
504951
504984
505007
505157
505173
505259
505278
505347
50537
505424
50552
50554
50556
505595
50564
505947
506040
506126
506161
50626
50627
50639
50642
50644
50645
506496
506498
50656
50658
506595
50662
506644
506646
506654
506791
506798
507012
507023
50703
507097
507132
507139
507148
507159
507172
507222
5073
507303
507310
507494
50752
507525
50776
50779
50780
50782
50786
507957
508011
508024
508123
508184
508228
508256
50829
508346
508446
508459
508475
508487
508490
508493
508517
50884
50885
508894
509080
509315
509390
50941
509574
509629
509697
509924
509930
510025
510043
510152
510336
510388
51060
51061
510759
510887
510888
511025
511044
511275
511317
511381
51140
511440
511459
511536
51154
51166
511779
512023
512065
512076
512102
512157
512272
512374
51265
512958
512968
512973
513105
513134
513137
513154
513172
513236
513525
514224
514293
514415
514421
514451
514577
514584
514664
514897
515322
515484
515574
516237
517461
517470
517711
518081
51817
518196
51846
518637
518641
518669
518837
518928
518942
519059
519061
519120
519220
519367
519418
519582
519631
5199
5200
52035
5204
52042
5205
520518
520623
520630
520717
520842
520871
520883
520903
521582
52176
521779
52181
521960
5221
522203
522403
522876
523
52383
52532
526258
526265
526325
52635
52644
52645
52646
526570
526880
527042
52707
52708
527296
52822
52831
528940
529367
529371
52982
530008
53004
530289
530458
530464
530499
530511
530853
530871
53088
530881
530967
530974
53098
531032
531042
531051
531146
5314
531890
532643
532667
534297
534450
534541
534554
534630
534711
534794
534908
53531
535436
535705
535827
536130
536134
53628
536341
536669
536853
536954
53730
537550
537564
537840
538008
538323
53843
53858
538632
538651
538771
538800
538938
540301
54034
540382
540399
540428
540698
540711
54094
541020
541169
541199
541347
541349
541354
541502
541606
541701
541710
541737
541853
541858
541862
541948
542047
542180
542258
542340
5426
542670
5427
542897
54321
54327
5437
543775
543782
5441
5442
544329
544334
544782
544928
545052
545121
546
54610
546220
54631
54641
5466
546644
546753
547
547145
54719
54733
547630
547663
547683
54779
548094
548587
549040
549084
549130
549355
549364
549882
5499
55009
55017
55018
550266
55028
55029
55030
55033
55064
550696
550937
55140
5534
55431
5549
55506
55525
55530
55546
5559
55644
55670
557154
55716
557389
55827
55842
55911
5596
5598
56002
56119
5617
56177
561805
56182
562335
562417
563268
56385
563870
564196
56494
56511
5654
565736
565883
566056
56626
56628
566400
56662
566811
56726
5673
56742
567468
56760
56779
56793
56800
56803
56828
5688
568832
5691
569241
569350
56936
569891
569966
570035
570133
570358
570537
570563
570568
570651
57125
57163
57263
57356
574133
574134
57459
574638
574639
574962
575
57505
575562
57603
576288
576504
576510
576532
576857
576887
57692
57736
577584
577612
57764
577920
577969
578119
578138
5786
579116
57914
57918
579517
579523
579560
579760
581939
582349
582360
582810
583184
583561
583624
583710
583819
583987
584757
58612
586251
58630
58679
587012
587214
587687
587727
58782
587829
587854
587910
588239
58831
588562
58897
58914
589400
589739
590020
59015
590319
591002
591266
591295
591302
591432
591770
591786
59179
592090
592094
592200
592316
592400
592525
5928
592803
592864
592885
593229
5933
59356
59369
593712
59372
59375
593893
593911
593926
594045
594080
5946
59469
59505
59508
596363
596368
59659
59660
59661
59662
59663
59664
59665
59666
59703
5986
60016
6002
60058
601192
601287
601367
6017
60201
602498
602527
602596
60260
602767
603196
6035
603764
603788
603941
60402
604120
60420
60429
604534
604560
605720
60573
605845
605915
606526
608031
608577
608620
608656
609233
610219
612231
61312
61367
61371
614355
614441
614523
614947
615336
615840
617632
617896
618031
6182
618214
6194
619484
6195
619578
621308
62174
622112
622113
622118
622122
622170
62266
622864
62294
62301
623588
623834
62385
62400
62427
625199
62531
62544
625546
626082
6268
627376
62778
62827
62861
629087
629113
629150
629745
629879
629892
630146
630192
630227
630235
630265
630462
63075
630903
631206
631227
63131
631348
631529
63158
631956
632017
632101
6322
632721
632808
633001
633231
63324
633245
633262
633266
633364
633371
633600
633607
633751
634312
6344
634488
634630
634648
634679
634692
6350
6352
6353
63537
635597
6357
6362
636278
636560
6369
6370
6371
637194
63729
6376
6378
637840
6380
638250
638401
638635
63865
638685
63888
6389
639473
639684
639796
639876
640488
640530
640532
6409
640904
6412
64164
641640
64184
642281
642475
642488
642494
642498
642515
642643
642675
642847
642862
642876
642886
643039
643225
643274
643359
643442
643446
643537
643622
643731
643882
643908
644358
645264
64529
645299
64561
64626
64645
646505
64666
647130
64731
647409
6475
64754
648222
648298
648305
648346
648348
648434
6488
6491
649322
64941
64946
649533
64963
650085
65013
6504
65084
651518
65167
651966
652447
65284
652911
653125
653214
653221
65324
653254
65330
654198
6547
654851
654888
655288
6564
6566
65729
6574
6575
658011
658013
65808
658089
658217
65825
65921
659248
659419
65966
659760
659784
659957
660563
660565
661051
66121
661402
66151
661646
661647
661722
661751
661768
661873
661959
661977
661978
662083
662155
662204
662218
66223
662287
66235
66239
66257
662583
6626
66262
663312
663431
663628
663729
66384
66385
66386
66391
664038
664044
664200
66422
66423
665144
665302
665330
665398
665651
665688
665722
665791
665798
666062
666065
66626
6665
666557
666632
666716
666722
667032
667188
66724
667242
6674
667400
667408
667613
667716
667739
667740
667770
668422
668439
66845
6687
66914
66929
669365
669438
669440
66958
66962
6697
669736
669776
66994
6700
6702
670329
6704
670572
670779
670924
670940
671119
67125
67132
671605
67161
671749
671857
671939
67220
672243
672245
672487
672499
672623
672629
672664
67317
673273
673384
673724
67377
67386
67389
67393
674195
674426
674540
674741
674757
674774
674838
674866
675398
67557
675578
675580
675614
67562
676212
676581
67660
676710
676976
677557
677617
677955
678050
678487
678496
678727
67894
678989
67929
6794
679657
679907
679969
680240
680415
680480
681001
681468
681473
681617
681882
681986
682344
682442
6826
682617
682774
683024
683298
683318
683792
683925
683957
683965
684092
684099
684152
6843
684567
684573
684603
684701
685007
685032
6853
685304
685432
685447
685491
685552
685909
685990
686015
686343
686363
686595
686805
686823
6871
6872
687325
6877
687908
688270
6883
6884
688567
6888
689245
689257
689314
689997
690010
690072
690295
690330
690338
690387
690536
6907
690796
690812
6910
691611
691698
691766
691977
692040
692068
692116
692154
692252
692262
692326
692352
692360
692603
6927
6935
693788
693933
693943
694141
694181
694467
694471
694604
694749
694930
694931
694943
695416
696198
696266
696360
697048
697055
697099
697512
697959
698416
698579
698708
699030
699082
699112
699200
700051
700075
700091
700612
700624
700831
700833
701160
701183
701901
702252
702383
702677
702784
702981
702987
703058
703086
703138
7033
703412
703415
703591
7036
703600
703659
703759
703910
7041
704266
7051
705420
706533
706841
706916
706934
707014
707228
707231
707406
707433
707720
707748
708013
708019
708076
708182
708303
7085
708589
708592
708696
708820
708886
708917
709000
709072
709336
709378
709883
710006
71006
710319
710368
710535
710864
710996
711075
7116
711679
712065
7121
712103
712318
712376
712979
713
713006
713285
713321
71337
713407
714024
714186
714521
714673
715054
715192
715996
71614
716292
716448
716570
716761
716976
71718
717716
717729
718241
718852
719426
719631
719856
719875
720251
720306
720992
721341
721761
722145
722281
722301
722327
722337
72243
7226
72272
722748
722919
722977
723060
723118
723175
72331
723461
723707
723974
724039
724153
724217
724243
724253
724522
724599
724889
724944
72526
725307
725569
725707
725711
726063
726364
726375
7264
7266
726765
726773
727
7270
72735
727368
7277
727727
72775
72785
727870
72793
727974
728004
728040
728047
728664
729040
729064
729341
729424
72976
729960
729961
730067
730111
730121
730239
730779
730786
730788
731112
731351
731472
731618
731724
731733
731878
732287
73234
73235
73236
73237
73238
73239
732394
73240
73241
732415
73242
732430
732431
73244
73245
73246
73247
73248
73249
73250
73251
73252
73253
73255
73256
73257
73258
73259
73260
73276
732987
733015
733017
733051
733148
733152
7332
733222
733248
73429
734418
734433
73480
73491
734936
73566
73567
7357
735748
735971
736065
736236
736272
736273
736283
736522
736800
736863
736867
7369
737
737039
737042
737058
737140
737161
737163
737169
737315
737323
737334
737578
737625
737695
737772
738
738015
738072
73808
738553
738565
738569
738615
738740
738899
739321
739601
739737
739752
739854
739858
739962
740037
74004
74025
740989
740999
741439
74147
741549
741683
742
742588
742808
743505
743518
743524
743545
7436
743643
743687
7441
744573
744662
744692
74514
74515
74518
745276
745324
745447
745495
745938
74595
745953
746000
746003
746024
746186
746497
746505
746513
746541
746733
746786
747612
747825
747829
748069
748123
748128
748214
748217
748375
748538
748765
748903
748925
7492
74933
749338
7495
749677
749887
750118
75096
751263
751281
751284
751299
751347
751577
751581
7516
751604
751625
751699
751729
751870
751876
751904
752010
752042
752073
752353
752402
752443
7531
753280
753386
753399
753491
753547
753567
75357
753602
753725
753835
753868
753939
753971
754025
754044
754117
754339
754352
754536
755354
75556
755679
756149
756182
756653
756697
756703
756729
75676
756833
75684
756879
75702
757095
7571
757100
75727
757281
757957
758002
758280
758380
758401
758654
758785
758854
759131
759133
759247
75936
759454
760484
7608
761
761000
761158
761218
761219
761220
761222
761304
761329
761382
761463
761617
761655
761726
761790
761904
761975
762118
762121
762251
762271
762510
762695
762707
762883
76303
763058
76307
763258
7634
763403
763458
763812
763994
764122
764243
764335
764434
764517
764558
764725
764731
764935
765031
765227
765291
765318
765355
765565
765679
765955
766145
766162
766205
766346
766404
766434
766437
766533
766578
766633
766770
7669
766963
767066
767097
76713
76733
767348
76738
767458
767468
767482
767647
767765
767829
76784
767944
7680
768110
768151
768195
768266
768313
768322
768327
768345
768574
768677
769014
769016
769058
769086
769335
769684
769716
769998
770209
770349
770504
770508
770513
770548
77058
77060
77065
77067
770711
77076
77081
771028
771110
771382
771465
771596
771666
771694
771699
771882
771977
772039
772116
772118
77221
77231
772448
772509
772744
772778
772886
772957
7731
77319
77330
773313
773519
773571
7736
773888
774
774050
7745
774792
774872
774896
775123
775504
775531
775560
775693
776017
776110
776371
776449
776461
776634
776684
776699
77679
776877
776883
776932
776933
777099
777241
777274
777279
777651
777664
777693
777698
7779
777942
777957
777984
77802
77817
778414
778629
778803
778834
778931
77904
779113
779442
779656
779908
779910
780021
78003
780036
78012
780167
780277
780285
7803
78052
780632
780676
781150
781175
781205
781238
781253
781265
781281
781282
781284
781295
7813
781325
78158
781614
781664
781673
781718
781880
78219
78253
782562
78260
782703
782764
782979
782982
783117
783147
783258
783332
783356
783360
783392
783688
783708
783807
783852
783877
783993
784101
784112
78412
784186
7843
78436
78443
784676
784690
784714
7849
785120
78516
785179
785243
785469
785785
785866
786044
786109
7862
786238
7863
786301
7865
786609
786741
786745
7868
786822
78685
7869
786956
786976
7870
787054
787113
787160
787179
7873
7876
78765
78781
787815
787886
787955
7882
788257
7883
788375
788397
788420
788499
7886
788691
7887
788732
7888
788883
7890
789245
789259
789260
789305
789370
789388
7894
789418
789579
789652
7897
7898
789879
7900
790005
790061
790115
7903
79046
790465
790528
790623
790786
790829
790854
790873
790876
7909
790914
791289
791293
7913
7914
791498
7915
7916
791674
7917
791775
791826
79185
791893
7919
791941
7921
792295
7923
7924
792725
792737
792847
792850
792895
7929
792927
792953
792960
792998
7930
7931
79348
793532
7936
793704
79393
794099
7941
794144
794395
7945
7949
7950
795272
795291
7954
79552
796013
796139
7962
796295
796379
796438
796557
7968
796808
796897
7969
796956
797159
7972
797685
797717
797754
798121
798135
798301
798599
798686
798742
798744
798767
798812
798913
799056
799072
7995
799593
799739
799867
799898
800109
800140
800231
800356
800360
800909
8010
801075
80118
801197
801230
8013
801372
801417
801522
8017
8019
801973
802011
802079
802286
802636
802930
80298
803028
803141
803734
803816
803876
803922
803934
803941
804080
804364
804548
804772
804891
804980
805010
805013
805027
805073
80512
8053
8055
805675
805676
805699
8059
805943
80597
806055
8061
806151
806213
8064
806571
806577
80694
807440
807448
807915
807924
807961
807989
808167
8082
808287
808338
808672
808730
808731
808755
8088
808821
80883
808832
808862
808975
808997
809
8090
809012
8091
809212
809248
8093
809357
80936
809645
809691
809816
809819
80990
809967
8102
810320
8104
810400
810807
81083
810872
810880
811111
811356
811366
811502
811566
811776
81191
81201
812064
81212
812143
812351
812585
812907
813159
813279
813300
813313
813377
813395
813421
81396
81441
815084
815215
815547
816086
816143
816254
816560
816848
81701
817244
81736
81757
8184
818848
818972
819088
819278
819309
819333
819428
819714
819735
819738
819807
819821
819863
819930
820146
820217
820224
820277
8216
8218
821896
821962
8224
822547
8226
822609
823588
8239
823915
8242
824307
824433
824689
824909
824925
824926
824931
824973
825643
825646
825729
825815
826005
826026
82608
826176
826238
826288
826361
826394
826463
827051
827052
82725
8273
827484
827595
827729
8278
827816
8281
8284
82929
831290
831654
831663
831703
83178
831803
831962
832227
832256
83239
83251
832593
832750
832858
833080
833470
83373
83374
833782
83381
833836
834065
834366
835005
835087
835138
835142
835200
835302
835647
83565
83566
83576
83578
83585
836036
83604
836045
836079
836081
836187
836649
83667
836689
836877
837018
83710
837256
837400
8375
837729
837733
83801
83803
838127
838178
838196
838231
83837
83855
83856
838563
838572
838587
838635
838647
838682
838685
838855
83887
83962
83971
840285
840515
840598
840688
840736
840759
84078
84085
84105
841380
841630
841947
842
842462
842625
84287
843160
843171
843256
843263
843421
84371
84372
84374
84395
844067
844327
844428
84453
8448
845677
845729
84581
845832
8459
84601
846184
846338
846397
846400
846430
846432
846931
84709
847101
8472
847276
84740
847452
847473
847876
84797
848625
848732
848742
849157
850022
85011
850114
850447
850637
850775
850938
851807
85201
852103
852306
852316
852349
852413
852713
852841
85291
853068
853130
853145
853355
853410
853637
853894
85401
854032
854049
85421
854290
854299
854424
854439
854445
854793
85488
854973
855013
855269
855276
85532
855322
85541
85559
855618
85565
85577
856137
85615
856193
85624
856305
856310
856518
856588
856836
856981
85720
857770
858255
858650
858662
858671
858854
858894
858915
859333
859342
859357
859469
859688
860197
86022
860348
86067
86069
861170
861521
861849
861940
862589
862681
863544
863551
863553
863944
863956
863979
863983
864354
864598
86468
864696
864701
864777
86504
865115
865168
865652
865777
865828
866271
866382
866426
866433
866576
866597
866605
866815
866829
866837
866844
866861
867133
867249
867436
867473
867513
867521
867577
867616
867699
867952
868146
868436
868561
868572
868583
868590
868615
868834
868934
869574
869605
869705
869831
869870
869888
870001
870062
87027
87040
870703
870709
871071
871142
87168
871749
872094
8724
873474
873584
873614
8737
874017
874093
874107
874228
874387
874427
874574
874778
874924
87505
87531
87561
87577
875775
87586
87588
875938
876148
876257
876295
876300
876424
876573
8767
876708
876751
876800
877303
877402
877515
87752
877598
877642
8780
87804
87806
878145
878181
878332
878339
87835
878394
878420
878434
878443
87854
8786
878779
879389
879562
879740
879960
880089
880099
880187
8803
8806
880730
880863
88088
881004
88105
881115
881186
881548
8817
881713
881733
881855
881901
881918
882189
882412
882475
882546
882848
882923
882942
883104
883151
883606
883867
88395
884159
8843
8846
884756
8849
885031
885041
88508
885539
885975
8862
886287
887167
88719
8873
887302
887321
887462
887611
887684
887700
887744
887766
887816
887818
887879
887889
887993
888021
888030
888141
888253
888254
888331
888484
888666
888729
88881
888930
888939
888986
88904
889243
889293
889333
889793
889795
889874
889886
890196
890228
890272
890285
890513
890555
890793
890798
89081
89097
891069
891080
891093
891265
891266
891267
891268
891270
89178
8920
892289
892337
892465
892510
892610
892615
892632
892717
892904
892986
893085
893305
893353
893395
893514
893745
893856
893970
894110
894165
894170
894174
894198
8943
894308
894325
894329
894431
894446
894569
894604
894623
894657
894863
894870
894871
894872
894876
894880
894915
894918
894919
894922
894949
89505
895172
895202
895551
895587
895650
895696
895722
895727
895730
895769
895772
895778
895780
895795
895798
895824
895917
895972
896018
896019
896020
896093
89624
896298
896299
896511
896649
897244
897385
897523
897556
897606
897974
898344
898522
898528
898693
898841
899069
8996
900062
900137
900179
900543
900548
900573
9008
90083
900930
900973
901050
901064
901210
90131
901377
901542
90165
9017
90172
901720
901775
901799
901956
902064
902322
902336
902733
902739
90274
902970
90308
9031
90321
903363
903521
90367
903740
903869
904059
90415
90457
905015
905194
905607
905692
905737
905816
905831
90601
9062
906201
906226
906328
90643
906433
90671
90688
906890
90690
906907
90691
906959
907311
90753
907701
90778
907819
907867
90805
90862
9088
908818
908880
908894
90912
909166
909374
909757
90980
910206
910300
910427
910711
911123
9116
911857
912865
913276
91332
91343
91350
91366
913695
9137
914
91421
914232
914286
914331
914472
9148
915073
915110
915114
915127
915133
915140
915346
915541
915573
915585
915649
915756
915940
91599
916
91604
916430
916704
917213
917250
917453
917454
917455
917456
917688
917791
917843
917875
91816
918243
918923
918938
918946
919008
919112
919175
919241
919429
919859
919988
920005
920285
920357
920401
920403
92050
920548
920926
92111
92113
921286
921635
921704
921709
921717
92192
922418
922446
922456
922470
922496
922506
92251
922559
922567
922597
92271
9230
923132
92344
92350
92353
923679
923759
923851
924393
924485
924487
92453
924650
92472
92481
924914
924951
925324
925513
925527
9256
925757
92607
926093
926221
926228
92633
92644
926638
92716
927384
92740
927413
927567
927661
928602
928816
92915
929288
929361
929633
929717
93004
93020
93106
93154
93157
9318
932557
93294
933
93394
93546
93550
935573
93616
936399
93680
93691
9375
937921
938021
93807
938683
93901
9391
939158
93921
940
940384
94087
941335
941421
942146
942179
94230
942481
942859
943255
94336
943717
943725
944359
944392
944732
944735
94502
94517
94568
94584
945990
9460
946053
94610
94637
94642
946728
947349
947637
947725
947728
947790
9479
947946
947982
948259
948481
9485
948876
948929
94899
94909
94925
949295
949513
949686
949823
950190
950192
950201
950299
950471
950485
950700
950845
950881
95089
951190
951230
951249
95125
951292
95146
951468
951508
951530
9516
951691
952035
952174
9522
95231
952349
95243
952501
952771
952983
953053
953083
953203
953219
953579
953866
953873
954249
954398
954402
95441
954512
954613
954818
955016
955286
95552
95555
95564
95589
95599
9560
956194
956295
956296
95640
956799
956967
957881
95804
958374
95841
958462
958769
959187
95932
959329
959697
95981
959897
959987
960
96007
960244
960330
960618
961167
961170
961175
961757
961841
961929
961997
962013
962033
96218
96229
962462
962753
962832
962839
962895
962909
96294
963164
963327
963352
963368
96337
963542
963546
963584
963774
963798
963809
96381
963815
963816
963921
964167
964315
964467
964550
964603
96467
96470
96474
965141
965267
965510
965774
965782
965790
965881
965914
966347
96636
966383
966531
96662
966814
966949
96724
967284
968082
968232
96826
96847
96855
968690
968699
96890
96908
969223
969619
969988
9703
970760
970902
971234
971360
971386
97150
97152
97153
971599
97161
97191
972243
972374
972561
972601
97268
97292
972936
97295
97312
97317
97319
97332
97333
97334
9735
973658
97377
97395
974072
974078
974222
974271
97430
97431
97432
974368
974369
974370
97445
974473
9745
97452
974697
974704
974878
974892
97501
975024
975047
97510
97535
975653
975749
975827
975983
97609
97646
97657
976657
97672
97683
977092
9774
9775
977597
977851
978125
978143
978335
978680
978768
979110
97938
97948
979820
98012
980412
980511
980599
980649
98083
980856
980898
981357
981456
981472
98151
981796
982202
982291
98247
982510
98259
98281
983070
983331
983867
98432
98469
984947
98499
98512
985150
985272
985367
98559
986386
986459
9869
987084
987090
987132
987751
98819
988272
988550
989415
99054
990838
990878
99157
991717
991718
9919
9921
99245
992450
992607
99262
99268
99273
99279
993005
99321
993582
99368
993711
99374
993767
993975
994051
99424
99435
994504
9950
995055
995122
99516
99594
995969
995995
99600
996141
996237
996303
996371
99647
99686
99687
996899
997070
99708
997198
997514
997615
997973
997988
998264
998422
998555
99857
99863
998979
998981
998993
999314
99969
999765
999789
